17741758
38579562
4877883196
1682990324
257842996
935308482655297536
402887057
898099799257358337
726040240436203521
104009310
183356975
862212426883751936
950215058973376513
1436735666
956823286079516672
894065598157561856
86145760
785475862598524929
874642540997337089
25800048
115604864
92889409
751749362057940992
848559756088229889
746086097109688320
2297559882
938967754698145793
75742264
955448005238255616
15604825
231547812
5749002
39031080
802675426292277248
838058791715368964
794573085022093312
4146346092
946466311185448962
946462814121504768
934802696447574018
14109192
942572415246221312
532705917
2525073777
947892507718729728
3229843551
1166603371
930362671290970112
2713875793
2206443206
341779773
931556615244750848
2432935597
3439002107
976145682
952932772233994240
900664441200574466
712272222690222080
919369271678926848
712578432656359424
852124344516046849
350970879
953094833538613248
948826068609200128
266206729
943856610471903236
225244349
382908583
25680016
925394583126663169
3522147612
927447912245690368
830630037904691202
262788729
749544568815775744
729978486
30344534
829081335637630976
1697521429
14130682
935955310832947201
727174638887948289
798922063645986822
2249121151
264062356
60913514
917813883775193088
2875625019
852084776190308352
168591643
36987215
929007743524106240
2964345075
435358401
950089069349937153
841973314746634240
949578138
1637904025
14267832
79600466
916813695287570432
714468670546821120
719875999542964226
228040559
408770774
159316065
4862128781
944038047359811584
326665662
2215233688
714550764333613057
59295874
2730034725
944616338709913600
928875248
111705192
1437039384
917260076607352832
933013980213280769
514215006
2257558088
263008162
946813093
359188534
806635010287685632
2776975372
120203438
312051744
400781797
469509187
3038814876
47865477
791425629468123136
581150227
3319721843
817893220105519104
938967527467630592
93969288
3611098577
131248119
889683207917944832
273464783
884779293850476544
322405786
18906845
794594182505627648
2669024060
304037073
121684992
870835370765819904
2754561431
786879004594831360
870550459425017857
903264192827883521
33853031
2656732015
94498034
3033298903
929483056737501184
930037491947712512
321868094
866601491993427969
850184067370950656
619936304
43730427
2882277423
129201106
901232196
1328614964
45828939
938456118312960006
2832314499
226411925
740886967374733312
154709452
71034792
294116413
1734832022
361188022
147295417
2371652969
4550662096
939501897848832001
2861448539
777585341993717760
22032046
757715978251825152
253944050
866602628414885888
2464872344
734285964852531200
144934256
1482104738
923622211801550848
239876125
20988060
1076050098
198400614
2472219614
2893163087
787907017
408020942
1225156454
593005683
3074705063
181790465
196171319
577704603
2317086435
636982443
102165668
540015239
17228809
3429947717
2329207218
48349524
2939928673
1462832827
24603232
891659325692891136
2552906269
739555646001975296
9264672
2810136517
787394353429876738
1272566449
161336624
527640612
15395859
3434515732
348967193
901882996214697984
3077116578
2165144670
19536668
58014876
274508827
4165723461
20457833
792879357777686528
795730889103777792
794213763880800256
732160154842615808
20915293
3444976463
929229087087919105
3510546680
885575789076459520
4827825796
264624088
880676876934684674
747509017
220955172
879669038334529536
40332510
49374258
4480027157
752278724146528256
910422297978294272
865902585340887040
2811694452
1244803680
265097340
927921401394356224
927904751236407296
927904059222319104
42915576
864156001485959173
926779062412070913
926780404735995905
3197518417
895447083104313344
105942910
926779909879541760
853348605985521664
900116439251726336
926781344838905859
