256746333
154709452
71034792
870548443
294116413
1734832022
361188022
147295417
2371652969
371813111
4550662096
939501897848832001
795785384
2861448539
163230992
327902560
3328217541
551362361
828994277606715392
777585341993717760
22032046
783705
757715978251825152
253944050
24031166
866602628414885888
2464872344
3070444193
734285964852531200
144934256
1482104738
923622211801550848
239876125
20988060
1076050098
198400614
2472219614
2893163087
787907017
3095154872
408020942
1225156454
593005683
3074705063
181790465
196171319
577704603
2317086435
636982443
102165668
540015239
17228809
3429947717
2329207218
48349524
2939928673
1462832827
24603232
891659325692891136
2552906269
739555646001975296
9264672
2810136517
787394353429876738
1272566449
161336624
527640612
15395859
3434515732
348967193
901882996214697984
3077116578
2165144670
19536668
58014876
274508827
4165723461
20457833
929269520270630912
792879357777686528
795730889103777792
794213763880800256
97540781
732160154842615808
20915293
2645588154
3444976463
929229087087919105
3510546680
885575789076459520
4827825796
264624088
880676876934684674
747509017
220955172
879669038334529536
40332510
49374258
4480027157
752278724146528256
910422297978294272
865902585340887040
2811694452
1244803680
1453839164
265097340
927921401394356224
927904751236407296
927904059222319104
42915576
864156001485959173
926779062412070913
926780404735995905
895447083104313344
105942910
926779909879541760
853348605985521664
900116439251726336
926781344838905859
